北京 2 4
武汉 6 1 0 0 2 -1 -1
沈阳 2 0 0 1 -1 -1 12
南京 7 0 1 1 -1 4 12
西安 5 0 1 1 -1 6 18
沈阳 1 3
北京 1 0 0 1 -1 -1 12
哈尔滨 3 0 1 1 -1 2 6
兰州 4 1 0 0 3 -1 -1
哈尔滨 0 1
沈阳 2 0 1 1 -1 2 6
兰州 0 2
沈阳 2 1 0 0 3 -1 -1
西安 5 0 1 1 -1 3 9
西安 1 5
北京 1 0 1 1 -1 6 18
成都 8 0 1 1 -1 4 12
武汉 6 0 1 1 -1 4 12
昆明 9 1 0 0 2 -1 -1
兰州 4 0 1 1 -1 3 9
武汉 2 5
北京 1 1 0 0 2 -1 -1
南京 7 0 1 1 -1 3 9
西安 5 0 1 1 -1 4 12
长沙 10 0 1 1 -1 1 3
福州 11 0 1 1 -1 5 15
南京 1 3
北京 1 0 1 1 -1 4 12
广州 12 1 0 0 2 -1 -1
武汉 6 0 1 1 -1 3 9
成都 2 4
西安 5 0 1 1 -1 4 12
昆明 9 0 1 1 -1 6 18
长沙 10 0 1 0 -1 7 -1
福州 11 1 0 0 4 -1 -1
昆明 1 3
成都 8 0 1 1 -1 6 18
西安 5 1 0 0 2 -1 -1
长沙 10 0 1 1 -1 5 15
长沙 0 4
成都 8 0 1 0 -1 7 -1
广州 12 0 1 1 -1 2 6
武汉 6 0 1 1 -1 1 3
昆明 9 0 1 1 -1 5 15
福州 0 3
成都 8 1 0 0 4 -1 -1
广州 12 0 1 1 -1 5 15
武汉 6 0 1 1 -1 5 15
广州 2 3
南京 7 1 0 0 2 -1 -1
长沙 10 0 1 1 -1 2 6
福州 11 0 1 1 -1 5 15


